/Users/ruthgregory/Documents/SRF/Data/2021_09_03_08h30_QoData_QWR_216MHz_cooldown.txt
6.16
7.27
7.80
7.91
7.79
7.63
7.65
7.91
8.71
12.74
/Users/ruthgregory/Documents/SRF/Data/2021_09_17_08h33_QoData_QWR_216MHz_10uTvert_4Kcooldown.txt
12.11
14.55
15.92
16.50
16.53
16.53
16.65
17.24
18.74
21.00
/Users/ruthgregory/Documents/SRF/Data/2021_09_24_08h16_QoData_QWR_217MHz_10uThor_4Kcooldown.txt
12.18
13.95
14.99
15.39
15.47
15.52
15.97
16.97
18.75
23.78
/Users/ruthgregory/Documents/SRF/Data/2021_09_02_08h29_QoData_QWR_644MHz_Cooldown.txt
14.14
16.07
17.14
17.55
18.09
19.07
20.75
23.26
/Users/ruthgregory/Documents/SRF/Data/2021_09_16_08h32_QoData_QWR_644MHz_10uTvert_4Kcooldown.txt
28.30
31.53
34.17
35.50
36.59
37.86
40.58
44.76
/Users/ruthgregory/Documents/SRF/Data/2021_09_23_08h39_QoData_QWR_644MHz_10uThor_4Kcooldown.txt
24.93
27.48
28.95
29.75
30.50
31.66
34.16
41.24/Users/ruthgregory/Downloads/OneDrive_1_7-5-2021/2021_06_22_08h03_QoData_HWR_389MHz_cooldown_10uTVert_pruned.txt
25.454173888319477
26.886504470241043
28.816765479309005
29.559048031390223
29.6794188285914
29.2369450325904
28.566782768476003
27.634803312624896
26.260657088890014
/Users/ruthgregory/Downloads/OneDrive_1_7-5-2021/2021_06_22_08h03_QoData_HWR_389MHz_cooldown_10uTVert_pruned.txt
25.454173888319477
26.886504470241043
28.816765479309005
29.559048031390223
29.6794188285914
29.2369450325904
28.566782768476003
27.634803312624896
26.260657088890014
/Users/ruthgregory/Downloads/OneDrive_1_7-5-2021/2021_06_22_08h03_QoData_HWR_389MHz_cooldown_10uTVert_pruned.txt
25.454173888319477
26.886504470241043
28.816765479309005
29.559048031390223
29.6794188285914
29.2369450325904
28.566782768476003
27.634803312624896
26.260657088890014
/Users/ruthgregory/Downloads/OneDrive_1_7-5-2021/2021_06_22_08h03_QoData_HWR_389MHz_cooldown_10uTVert_pruned.txt
25.454173888319477
26.886504470241043
28.816765479309005
29.559048031390223
29.6794188285914
29.2369450325904
28.566782768476003
27.634803312624896
26.260657088890014
/Users/ruthgregory/Documents/GitHub/SRF_Data/Data_files/2021_09_16_08h32_QoData_QWR_644MHz_10uTvert_4Kcooldown.txt
28.11378400511879
31.904344107629342
34.192455380610916
35.509016223432916
36.57700405077659
37.838171858736196
40.57580266653441
44.804247465077886
/Users/ruthgregory/Documents/GitHub/SRF_Data/Data_files/2021_09_16_08h32_QoData_QWR_644MHz_10uTvert_4Kcooldown.txt
28.11378400511879
31.904344107629342
34.192455380610916
35.509016223432916
36.57700405077659
37.838171858736196
40.57580266653441
44.804247465077886
/Users/ruthgregory/Documents/GitHub/SRF_Data/Data_files/2021_09_16_08h32_QoData_QWR_644MHz_10uTvert_4Kcooldown.txt
/Users/ruthgregory/Documents/GitHub/SRF_Data/Data_files/2021_09_16_08h32_QoData_QWR_644MHz_10uTvert_4Kcooldown.txt
/Users/ruthgregory/Documents/GitHub/SRF_Data/Data_files/2021_09_16_08h32_QoData_QWR_644MHz_10uTvert_4Kcooldown.txt
/Users/ruthgregory/Documents/GitHub/SRF_Data/Data_files/2021_09_16_08h32_QoData_QWR_644MHz_10uTvert_4Kcooldown.txt
28.11378409445772
31.904343912702345
34.19245519259481
35.50901619072309
36.577004116531164
37.83817178002769
40.57580268916943
44.80424727513652
/Users/ruthgregory/Documents/GitHub/SRF_Data/Data_files/2021_09_16_08h32_QoData_QWR_644MHz_10uTvert_4Kcooldown.txt
28.113783999034247
31.904343956326105
34.19245535945748
35.509016287380675
/Users/ruthgregory/Documents/GitHub/SRF_Data/Data_files/2021_09_16_08h32_QoData_QWR_644MHz_10uTvert_4Kcooldown.txt
28.11378409445772
31.904343912702345
34.19245519259481
35.50901619072309
36.577004116531164
37.83817178002769
40.57580268916943
44.80424727513652
/Users/ruthgregory/Documents/GitHub/SRF_Data/Data_files/2021_09_16_08h32_QoData_QWR_644MHz_10uTvert_4Kcooldown.txt
28.113783999034247
31.904343956326105
34.19245535945748
35.509016287380675
36.57700417050154
37.83817215264979
40.575802622773395
44.80424742082053
